1   9 1 0
2  11 1 0
3   9 3 0
4  11 3 0
5   9 1 8
6  11 1 8
7   9 3 8
8  11 3 8
9   9 5 0
10  11 5 0
11  9 7 0
12  11 7 0
13  9 5 8
14  11 5 8
15   9 7 8
16  11 7 8
17   22 1 0
18  24 1 0
19   22 3 0
20  24 3 0
21   22 1 8
22  24 1 8
23   22 3 8
24  24 3 8
25   22 5 0
26  24 5 0
27  22 7 0
28  24 7 0
29  22 5 8
30  24 5 8
31   22 7 8
32  24 7 8
33 9 1 8
34 9 7 8
35 18 7 8
36 18 1 8
37 9 1 14
38 9 7 14
39 18 7 14
40 18 1 14
41 9 3 10
42 9 5 10
43 9 3 12
44 9 5 12
45 1 3 10
46 1 5 10
47 1 3 12
48 1 5 12
49 18 0 8
50 18 8 8
51 24 0 8
52 24 8 8
53 18 0 15
54 18 8 15
55 24 0 15
56 24 8 15
57 24 1 8
58 24 7 8
59 27 1 8
60 27 7 8
61 24 1 14
62 24 7 14
63 27 1 14
64 27 7 14
65 27 2.5 8
66 27 5.5 8
67 30 2.5 8
68 30 5.5 8
69 27 2.5 11
70 27 5.5 11
71 30 2.5 11 
72 30 5.5 11
73 24 1 14
74 24 3 14
75 25 1 14
76 25 3 14
77 24 1 16
78 24 3 16
79 25 1 16
80 25 3 16
81 24 5 14
82 24 7 14
83 25 5 14
84 25 7 14
85 24 5 16
86 24 7 16
87 25 5 16
88 25 7 16
89 27 2.5 9
90 30 2.5 9
91 30 5.5 9
92 27 5.5 9
93 27 2 11 
94 27 2 12
95 27 3 12
96 27 3 11
97 27 5 11
98 27 5 12
99 27 6 12 
100 27 6 11
101 29 3.5 11
102 29 4.5 11
103 30 3.5 11
104 30 4.5 11
105 30 3.5 10
106 30 4.5 10
Faces:
1 2 4 3.3 4 2 1.
1 2 6 5.5 6 2 1.
2 4 8 6.6 8 4 2.
1 3 7 5.5 7 3 1.
3 4 8 7.7 8 4 3.
9 10 12 11.11 12 10 9.
9 11 15 13.13 15 11 9.
9 10 14 13.13 14 10 9.
10 12 16 14.14 16 12 10.
11 12 16 15.15 16 12 11.
17 18 20 19.19 20 18 17.
17 18 22 21.21 22 18 17.
17 19 23 21.21 23 19 17.
18 20 24 22.22 24 20 18.
19 20 24 23.23 24 20 19.
25 26 28 27.27 28 26 25.
25 26 30 29.29 30 26 25.
25 27 31 29.29 31 27 25.
26 28 32 30.30 32 28 26.
27 28 32 31.31 32 28 27.
33 34 35 36.36 35 34 33.
33 36 40 37.37 40 36 33.
33 34 38 37.37 38 34 33.
35 36 40 39.39 40 36 35.
34 35 39 38.38 39 35 34.
37 38 39 40.40 39 38 37.
41 42 44 43.43 44 42 21.
45 46 48 47.47 48 46 45.
41 45 47 43.43 47 45 41.
44 43 48 47.47 48 43 44.
42 44 48 46.46 48 44 42.
44 43 47 48.48 47 43 44.
41 42 46 45.45 46 42 41.
49 50 52 51.51 52 50 49.
49 51 55 53.53 55 51 49.
49 50 54 53.53 54 50 49.
51 52 56 55.55 56 52 51.
50 52 56 54.54 56 52 50.
53 54 56 55.55 56 54 53.
57 58 60 59.59 60 58 57.
57 59 63 61.61 63 59 57.
59 60 64 63.63 64 60 59.
58 60 64 62.62 64 60 58.
61 62 64 63.63 64 62 61.
65 66 68 67.67 68 66 65.
65 66 70 69.69 70 66 65.
65 67 71 69.69 71 67 65. 
67 68 72 71.71 72 68 67.
69 70 72 71.71 72 70 69.
66 68 72 70.70 72 68 66.
73 74 78 77.77 78 74 73.
73 75 79 77.77 79 75 73.
75 76 80 79.79 80 76 75.
74 76 80 78.78 80 76 74.
77 78 80 79.79 80 78 77.
81 82 86 85.85 86 82 81.
81 83 87 85.85 87 83 81.
83 84 88 87.87 88 84 83.
82 84 88 86.86 88 84 82.
85 86 88 87.87 88 86 85.
89 90 91 92.92 91 90 89.
93 94 95 96.96 95 94 93.
97 98 99 100.100 99 98 97.
101 102 104 103.103 104 102 101.
105 106 104 103.103 104 106 105.